  -8.8697161e-01
   6.3300107e-01
  -8.1171975e-01
  -6.3387413e-01
   5.2891348e-01
  -3.4787148e-01
  -2.0007940e-01
  -1.6941606e+00
   1.3139928e+00
   8.3367272e-01
  -1.9712720e+00
   3.0591764e-01
   1.2936440e+00
  -7.1421487e-01
   9.4773407e-01
  -8.1826023e-01
   3.8194614e-01
  -5.4925517e-01
   8.6491477e-01
   1.3650523e+00
  -2.8541375e-01
  -4.4818668e-01
   5.2339834e-01
  -1.2386490e+00
  -4.8291812e-02
   1.7225959e-01
  -5.0339716e-01
   5.5868473e-01
  -1.3041974e-02
   3.6942135e-01
  -2.5803673e-01
  -1.1244668e+00
   1.0228772e+00
   1.8507006e+00
  -2.3254589e+00
   4.8983366e-01
  -3.3683074e-01
   2.8959529e-03
   4.5467538e-01
  -9.6201458e-01
   1.0796819e+00
   5.2207418e-01
  -2.9534024e-01
  -6.8647563e-01
  -1.3691377e-01
  -1.2840872e+00
   7.5284719e-01
   3.6423921e-01
   1.5738026e-01
  -7.3082358e-01
   5.2189391e-01
  -4.5680079e-01
   2.4559435e-01
   6.3571375e-01
  -6.3831803e-01
  -1.4579930e+00
   2.5023385e+00
  -2.0886707e+00
   3.7509099e-02
   1.6657645e+00
  -1.4311518e+00
   1.4022473e+00
  -8.9198530e-01
   1.0251723e+00
   1.3349708e+00
  -1.5640423e+00
   6.2537877e-01
   4.9016795e-01
   1.1519894e+00
  -2.7281405e+00
   4.4249988e-01
   3.1160329e+00
  -3.9206679e+00
   5.9176428e-01
   1.2583171e+00
   4.1709928e-01
  -1.5248828e+00
   1.6423999e+00
  -1.2638988e+00
  -9.5315006e-01
   2.5776040e+00
  -1.2747399e+00
  -8.2340758e-01
   1.8015995e+00
  -1.2299961e+00
  -1.7947676e+00
   9.6701222e-01
   1.9528689e+00
  -2.7286094e+00
  -2.3066111e-02
   2.7820157e+00
  -1.2771151e+00
  -5.4287026e-01
   1.0086616e+00
  -1.4477622e+00
   6.4798658e-01
  -4.5229721e-01
   7.3967407e-01
   5.4920621e-01
  -1.3417656e+00
   1.1694027e+00
  -2.7776185e-01
   1.1388538e+00
  -4.5722336e-01
  -6.5428659e-01
   1.5528615e+00
  -1.5738311e+00
   7.4171918e-01
   1.1459929e+00
  -4.2863742e-01
  -2.0298982e-01
   1.3289528e+00
  -1.0690369e+00
  -7.5260913e-01
   1.2861637e+00
  -1.0116801e+00
  -2.0941798e-01
  -1.4183969e+00
   1.1537602e+00
  -1.0678964e+00
  -9.8552564e-01
   4.8804269e+00
  -4.9842075e+00
   4.0105020e-01
   4.3539500e+00
  -2.5377798e+00
   9.6529907e-01
   7.4064563e-01
   5.8535824e-01
  -2.9865321e-01
  -3.6913743e-01
   9.7141888e-01
  -9.8523477e-01
   6.3209516e-01
   6.7301889e-01
  -5.1805671e-01
   3.0672429e-01
  -3.8587729e-01
   4.6970016e-01
   6.4251471e-01
  -6.8861202e-01
   9.4915930e-01
  -1.5002963e+00
   1.0053072e+00
  -5.1273390e-02
  -2.3233486e+00
   3.0307670e+00
  -2.9388541e+00
   1.1113813e+00
   1.2560538e+00
  -1.7459992e+00
  -1.8633561e-01
   1.6236309e+00
  -4.5674385e-01
  -7.2136310e-01
  -2.3131074e-01
   2.3798561e+00
  -1.7000953e+00
   9.7944887e-02
   1.7472398e+00
  -1.9432803e+00
   1.0547706e+00
   1.1246523e+00
  -2.0661600e+00
  -7.1227242e-02
   1.8506410e+00
  -3.9201943e-01
  -1.2340037e+00
   1.5084060e+00
  -1.2540413e+00
   4.5677697e-01
   1.9346826e+00
  -1.1884243e+00
  -2.3439865e+00
   4.0074963e+00
  -1.4133709e+00
  -1.9654904e+00
   2.2617535e+00
  -4.8676499e-01
  -3.9779740e-02
   4.3898247e-01
   3.2349071e-03
   5.2437918e-01
  -6.4854877e-01
   2.0947816e-01
  -1.5198256e-02
  -1.6132681e+00
   1.8227577e+00
  -7.9812240e-01
  -1.9654354e+00
   2.2413737e+00
  -3.4856882e-01
   1.5665873e-01
   6.9692888e-03
  -1.2575984e+00
   2.6177871e+00
   9.8700081e-01
  -3.3285805e+00
   2.4921808e+00
   1.8720458e+00
  -2.1258034e+00
   2.3711310e+00
  -9.5818344e-01
  -1.3396710e+00
   2.3129558e+00
  -1.7779138e+00
   9.6468363e-01
   1.1314995e+00
  -1.6758745e+00
   6.3831163e-01
   1.4821846e+00
  -1.6319182e+00
   6.0673068e-02
   2.0693724e+00
  -2.7998970e+00
   7.4975960e-01
   2.1342594e+00
  -2.1179008e+00
  -3.3676875e-01
   8.6167238e-01
   4.1943276e-01
  -1.1466423e+00
  -5.4332360e-01
   3.0240431e+00
  -3.4753945e+00
   1.9026828e+00
   5.6560204e-01
  -3.1522838e+00
   1.7061090e+00
   5.2421286e-01
  -2.7193533e-01
  -5.3954008e-01
   1.1223007e+00
  -1.7325384e+00
  -9.1982933e-02
   4.2559186e-01
  -9.0478722e-01
   2.4720546e+00
  -2.7787852e-01
  -2.1171858e+00
   2.6498462e+00
  -7.5392589e-01
  -1.0898371e+00
   7.2503368e-01
  -7.2902242e-01
  -9.2921674e-02
   1.4740798e+00
  -2.1683996e+00
  -1.3879742e+00
   2.9853087e+00
  -4.7588547e-01
  -2.7979024e+00
   4.2441701e+00
  -2.0512763e+00
  -9.5975533e-01
   1.9220441e+00
  -1.5850040e+00
  -7.8833674e-01
   1.0839684e+00
  -1.6011704e-01
  -5.7940912e-02
  -1.1798399e+00
   1.5126853e-01
   1.2026350e+00
  -2.9983499e+00
   1.8249181e+00
   1.8864964e-01
  -3.9165150e-01
  -4.4830953e-01
  -5.1554628e-01
  -1.3165060e-01
   1.3903508e+00
   1.2405381e-01
  -2.7439901e+00
   2.0779624e+00
  -3.7437914e-02
  -2.8547774e+00
   2.4854940e+00
  -2.1837666e-01
  -2.0599252e+00
   2.8717237e+00
  -6.8986936e-01
  -1.6671472e+00
   8.7840365e-01
  -9.0178226e-02
   4.7488588e-01
   2.4656715e-01
  -9.7517610e-01
   9.0418277e-01
   2.0254331e+00
  -3.4454348e+00
   2.1167194e+00
   2.5441163e+00
  -3.3018323e+00
   1.9877075e+00
   2.2028751e+00
  -3.5402346e+00
   2.5332378e+00
   2.5383672e+00
  -4.2974563e+00
   9.3094164e-01
   1.0123468e+00
  -3.2306044e+00
   2.4135255e+00
   8.1375128e-01
  -2.3948507e+00
   2.2231263e+00
  -3.6777564e-01
  -3.0175690e-01
   3.0002633e-01
   7.7345815e-01
  -2.5585208e-01
   5.6239161e-01
  -2.7505155e-01
  -1.3639877e-01
   2.2928703e+00
  -1.8088599e+00
  -8.4152177e-01
   2.3222490e+00
  -1.7969522e+00
  -8.9881866e-01
   1.3260250e+00
  -1.4629006e-01
   4.8766522e-02
   4.1862907e-01
  -1.0374668e+00
   3.2319399e+00
  -7.3198253e-01
  -1.0995215e+00
   1.4600215e+00
   5.0864432e-01
  -1.3703269e+00
  -8.0338721e-01
   2.3189096e+00
  -2.0707400e+00
   5.4644667e-01
   9.7192840e-01
  -1.5867604e-01
  -6.6775057e-01
  -1.0258952e+00
   8.3702803e-01
  -2.7205198e-01
   1.4848910e-01
  -1.5639489e-01
  -1.8611192e-01
  -5.2063456e-01
   9.5922966e-01
   7.8760259e-01
  -1.6747541e+00
   3.3632373e-01
   3.8173614e+00
  -2.7697716e+00
  -9.1213594e-02
   4.7900040e-01
  -1.8374889e+00
   2.5024491e+00
  -2.8776656e-01
  -9.7056404e-01
   1.5427262e+00
  -4.5096444e-01
  -1.3717248e+00
   9.1653275e-01
   9.2169852e-01
  -2.7458736e-01
  -8.3723462e-01
   4.9776547e-01
  -9.1769206e-01
   6.3498952e-01
   2.7596806e+00
  -2.7640559e+00
  -6.7768131e-01
   1.4737619e+00
  -1.4593286e+00
   4.8594152e-02
  -4.4549828e-01
  -6.3139940e-01
   1.3463704e+00
  -1.8771686e-01
   1.1941496e-01
  -7.0510001e-01
  -6.6931751e-01
   1.6329239e+00
  -1.1907410e+00
   1.3945314e+00
   2.9888908e-01
  -5.8127181e-01
   1.7291331e+00
  -1.9705851e+00
   5.2678121e-01
   1.0777593e+00
  -2.2186908e+00
   1.9103692e+00
  -1.1840879e-01
  -5.3213330e-01
   1.4087546e+00
  -1.0833137e+00
   1.8684094e+00
  -1.6755947e-01
  -2.3576616e-01
   5.2311390e-01
   1.0360033e+00
  -8.8797426e-01
   1.2880190e+00
  -1.7334220e+00
   1.8885207e+00
   1.2300466e-01
  -4.3394717e+00
   4.4909289e+00
   3.0762642e-01
  -4.5779527e+00
   2.9714311e+00
  -2.6216139e-01
  -3.4463706e+00
   2.1836036e+00
   7.2224607e-01
  -2.4040246e+00
   2.1460487e+00
   6.0541593e-01
  -3.9718279e+00
   4.2487844e+00
   2.1075796e-01
  -2.4665426e+00
   1.1551815e+00
   1.2085952e+00
  -2.7852275e+00
   1.1480078e+00
   1.6388600e+00
  -3.1709683e+00
   1.4588452e+00
   1.8625828e+00
  -2.8967269e+00
  -3.5524823e-01
   3.1726904e+00
  -2.7771556e+00
   7.7545390e-02
   4.0692604e+00
  -4.3776759e+00
   1.2134265e+00
   2.6718265e+00
  -4.1329234e+00
   2.2184500e+00
   3.6425542e-01
  -1.2998495e+00
   2.9416958e-01
  -4.7495343e-01
   2.4840302e-01
  -2.0346823e-01
   5.5245523e-01
  -1.4293366e+00
   1.8096318e+00
   7.9383798e-01
  -1.6852178e+00
   1.3145478e+00
   4.4850423e-01
  -3.4449341e+00
   3.3863349e+00
  -1.9050410e+00
  -5.4787325e-01
   1.9605083e+00
  -5.1481751e-01
  -5.3236666e-01
   1.1781339e+00
  -1.6622006e+00
   7.6339747e-01
   5.5780543e-01
   4.1120667e-01
  -1.5580163e-01
  -1.1035204e+00
   5.0317333e-01
  -6.6222255e-02
  -8.2910238e-01
   2.6721818e-01
   6.1305638e-01
  -2.8127705e-01
  -1.4344332e-01
   1.1815098e+00
  -3.1069977e-02
  -1.2715212e+00
   8.2387011e-01
   1.2678581e+00
  -1.9098351e+00
  -1.3433028e+00
   2.9825754e+00
  -9.6612113e-02
  -1.7437483e+00
   2.2518797e+00
   1.6112352e-01
  -3.6986586e+00
   2.8067526e+00
   5.0084041e-01
  -1.6178727e+00
   3.9731368e-01
   9.8087132e-01
  -1.3679709e+00
   3.3472734e-01
   1.8437790e+00
  -1.7421324e+00
  -1.2202801e+00
   3.3106483e+00
  -6.5207023e-01
  -1.5929997e+00
   2.2259959e+00
   5.0533187e-01
  -2.6884447e+00
   3.2442439e+00
  -1.0220885e+00
   6.6469058e-02
  -2.0979446e-01
   4.6328849e-01
  -2.9526963e-01
   1.3386301e+00
  -1.6389651e+00
   1.5470402e+00
  -7.4141204e-01
   1.5598718e+00
  -6.1893714e-01
  -1.6922672e-01
   1.2303290e+00
   6.9964377e-01
  -7.4693575e-01
   1.7770881e+00
   1.4323530e+00
  -3.1724022e+00
   2.1309043e+00
   1.5434115e+00
  -2.6463933e+00
   8.7612568e-01
   3.5385596e+00
  -3.4960629e+00
  -3.5959866e-01
   3.2807822e+00
  -2.9762063e+00
   1.2531964e-01
   2.8382173e+00
  -3.5828628e+00
  -1.4218297e+00
   5.1989788e+00
  -3.8859757e+00
  -8.6305700e-01
   4.4573883e+00
  -2.5281099e+00
  -1.6941554e+00
   3.7812300e+00
  -4.3803229e+00
   2.1293339e+00
   4.3761686e-02
  -1.7973196e+00
   1.1145619e+00
  -5.8535755e-02
  -1.0304613e+00
  -2.9665175e-01
   1.7635003e+00
  -5.0160784e-01
  -2.2036995e+00
   2.7564200e+00
  -2.3689812e+00
   1.8346425e+00
   1.6907309e+00
  -4.1850318e+00
   6.2546549e-01
   2.3330075e+00
  -1.6845146e+00
  -2.9025360e+00
   2.4338544e+00
   1.6288165e+00
  -4.4560497e+00
   2.9852162e+00
   2.1390689e-01
  -2.2142051e+00
   8.0562864e-01
   7.1942854e-01
  -2.5111343e-01
   1.5533537e+00
  -2.1810143e+00
   7.1791727e-01
   4.8535434e-01
   2.8723824e-01
  -1.8369674e+00
   1.0063088e+00
   1.3069759e+00
  -2.6691370e+00
   1.0227372e+00
   2.8781786e+00
  -5.7725999e+00
   2.7318848e+00
   3.3086973e+00
  -5.8646865e+00
   2.2529635e+00
   1.8724662e+00
  -1.5260416e+00
  -5.2254636e-01
   9.1307159e-01
   2.4408864e-02
  -1.0754625e+00
   1.7900581e+00
   4.7696898e-01
  -1.2467567e+00
   4.7465681e-01
   1.9069739e+00
  -4.6767365e+00
   2.0799324e+00
   2.5307815e+00
  -2.4079409e+00
  -2.4673413e-01
   3.0025482e+00
  -1.5602061e+00
  -2.5132609e+00
   2.7217124e+00
  -9.3666098e-01
  -2.1959254e+00
   3.0908918e+00
  -1.3569000e+00
  -6.8666617e-01
   1.5624577e-02
  -1.2171999e-01
   2.0088933e-01
   1.5760414e+00
  -2.3243478e+00
   2.1630822e+00
  -6.4718529e-01
  -1.7157924e+00
   1.0227464e+00
   1.2997818e+00
  -2.5438938e+00
   3.5430367e+00
   1.0566154e+00
  -3.8716700e+00
   2.6085951e+00
  -1.2687163e-01
  -3.0947540e+00
   2.5356353e+00
  -1.4053551e+00
  -7.4103190e-01
   2.2649916e+00
  -1.3146256e+00
  -2.5059021e+00
   1.9077515e+00
  -1.3231096e+00
   9.1149681e-01
   1.3671972e+00
  -2.4064239e+00
   1.8027840e+00
   1.7632173e+00
  -5.5003419e+00
   3.3161671e+00
   1.9376480e+00
  -4.8233404e+00
   1.3360254e+00
   4.1175957e+00
  -4.7814757e+00
   7.7039791e-01
   3.0350427e+00
  -3.5922662e+00
   8.8404370e-01
   2.7520603e+00
  -4.1056945e+00
   1.2157504e+00
   2.6036289e+00
  -1.9621810e+00
  -3.7343646e-01
   2.7109371e+00
  -4.6835429e-01
  -2.0437732e+00
   3.3217135e+00
  -4.0882982e-01
  -2.3687164e+00
   9.5678025e-01
   2.3451497e+00
  -2.9270921e+00
   7.1828387e-01
   3.1365999e-01
  -1.4140219e+00
  -6.0918766e-01
   1.8374215e+00
  -7.4043731e-01
  -1.3131362e-01
   5.6156843e-01
  -1.8190266e+00
   8.3657861e-01
   2.5918011e+00
  -3.7359461e+00
   8.6938302e-01
   3.2744308e+00
  -3.1386187e+00
  -2.7086266e-02
   3.7723263e+00
  -2.9441034e+00
   8.1439894e-01
   9.9759392e-01
  -5.6307669e-01
  -8.9490352e-01
   1.6833159e+00
  -3.7795365e-01
  -1.3999343e+00
   2.7409190e+00
   1.3775019e-01
  -2.7434875e+00
   3.0370923e+00
  -1.1424470e+00
  -1.9616872e+00
   1.3702453e+00
  -6.6871907e-02
  -1.2270077e+00
  -4.7929553e-01
   2.9515412e+00
  -3.4199226e+00
   2.9903712e-01
   1.6132354e+00
  -2.8085660e-02
  -2.1574547e+00
   6.6799111e-01
   1.8820162e+00
  -3.0990142e+00
   4.1723775e+00
  -2.7734609e+00
  -4.8785615e-01
   2.0923702e+00
  -2.3782513e+00
   4.9134979e-01
   3.0703429e+00
  -3.1603272e+00
  -2.3450694e-01
   2.1186778e+00
  -1.8842822e+00
  -3.8582236e-01
   2.1942378e+00
   5.9842947e-01
  -1.8887266e+00
   4.8569311e-01
   1.0481345e+00
   3.5291343e-01
  -1.2800424e+00
   2.1363905e+00
  -5.9460189e-01
  -2.1461918e-02
   3.7077889e-01
  -1.0155071e+00
   1.3030158e+00
   6.3548775e-01
  -1.3345472e+00
  -8.5181450e-01
   2.6005942e+00
  -1.9325331e+00
   1.0019899e+00
   3.8854518e-01
  -6.9053610e-01
   6.1941348e-01
  -1.1241219e-01
  -3.0313803e-01
   1.7767618e+00
   9.0594117e-01
  -2.6416621e+00
   1.3024510e+00
  -4.2504263e-01
  -2.6225593e+00
   1.0934746e+00
   3.3875388e+00
  -3.7654524e+00
   4.9147771e-01
   2.3927594e+00
  -3.8206574e+00
   2.0220903e-01
   2.5335907e+00
  -1.6441742e+00
  -5.2154988e-01
  -3.2448234e-01
  -3.1832694e-01
   2.6605049e-01
   8.0508894e-01
  -1.7288223e+00
   4.9811148e-01
   2.5769375e+00
  -4.7611963e+00
   2.3679986e+00
   1.9616028e+00
  -5.2077088e+00
   3.7546220e+00
   7.5289934e-01
  -4.0618857e+00
   3.6396319e+00
   2.5685123e+00
  -5.8281446e+00
   3.3450764e+00
   3.2285383e-01
  -3.3302039e+00
   2.4376032e+00
   4.9503491e-01
  -2.3109594e+00
   2.6811413e+00
   1.0306156e+00
  -4.7256864e+00
   2.4320816e+00
   1.4078578e+00
  -4.4499945e+00
   2.4014976e+00
  -3.6035795e-01
  -1.6181529e+00
   2.7161376e+00
  -1.2715650e+00
  -3.2390080e-01
   2.3132570e+00
  -2.5120015e+00
   9.6792864e-01
  -2.1787269e-01
  -3.9625600e-01
   6.5038510e-02
   1.0923491e+00
  -1.5243865e-01
  -1.5973200e+00
   9.3387823e-01
   5.1398592e-02
   3.1653779e-01
  -1.2946634e+00
   1.4433654e+00
  -1.4474613e+00
   8.0771159e-01
   1.1062737e+00
  -1.4836418e+00
  -1.1533176e-01
   1.3095743e+00
  -1.1677260e+00
   8.2314573e-02
  -2.3688824e-01
  -2.4630918e-01
   5.8004031e-03
   9.4479403e-01
   1.0035185e-01
  -2.1579979e+00
   1.3603928e+00
  -1.3616027e+00
   1.5836386e+00
  -2.7545315e-01
  -2.4774671e+00
   2.2450675e+00
   1.5748143e+00
  -4.0906730e+00
   1.4679263e+00
   2.0443122e+00
  -3.7843355e+00
   1.4035191e+00
   7.5262108e-01
  -1.6257316e+00
   1.5918881e+00
   4.5970590e-01
  -3.4335230e-01
   7.2942310e-01
  -3.6154796e-01
  -1.7354730e+00
   2.1816780e+00
   5.0516575e-01
  -2.1070126e+00
   1.4323606e+00
   8.3071959e-01
  -1.7937128e+00
   1.8226098e+00
   1.0725653e+00
  -2.3301958e+00
   1.2405914e+00
  -1.8346514e-01
  -1.9155825e+00
   1.7282753e+00
  -1.1133793e+00
  -3.9409634e-01
  -1.1883698e+00
   2.4580652e+00
   3.6196797e-01
  -2.6540054e+00
   1.8126002e+00
   1.1517122e+00
  -2.6810719e+00
  -7.0744110e-01
   1.9526919e+00
  -1.5631942e+00
  -2.8328546e+00
   5.0257429e+00
  -3.1211538e+00
  -2.3706794e+00
   5.7949925e+00
  -4.2098416e+00
  -5.8253592e-01
   1.9596011e+00
   3.2070137e-02
  -1.3102494e+00
   5.6318935e-01
  -8.1585489e-01
  -1.4777812e+00
   3.6255977e+00
  -1.2830959e+00
  -2.6401361e+00
   3.0889310e+00
  -4.4348162e-01
  -3.1059643e+00
   3.9491613e+00
  -1.0625672e+00
  -2.6511374e+00
   4.1310765e+00
  -2.9360749e+00
   6.1430746e-01
   9.1134460e-01
  -8.5122491e-02
  -4.8022461e-01
   3.3083689e-02
  -6.0670351e-01
  -3.5677121e-01
   2.8611660e+00
  -1.4248361e+00
  -2.4204121e+00
   4.4951072e+00
  -2.5770074e-01
  -3.8321303e+00
   3.5445075e+00
   1.5003659e+00
  -4.6876862e+00
   2.5597164e+00
   7.8540173e-01
  -2.0640204e+00
  -4.5318633e-01
   1.6244393e+00
  -6.8958393e-01
  -3.1531557e-01
   1.3542928e+00
  -1.0434604e+00
   9.3918185e-01
  -1.1834923e+00
  -4.7510000e-01
  -1.4628976e-01
  -2.9853893e-01
   1.5249693e+00
  -2.6358826e-01
   6.1585759e-02
  -5.7724019e-01
   5.8498976e-01
  -9.8405770e-01
   1.8233950e+00
  -3.2625499e-01
  -3.5387794e-01
  -1.2760569e-01
  -8.2817068e-01
   1.7178169e+00
   9.6890480e-01
  -5.4165018e-01
  -9.5182500e-02
   9.9525244e-01
  -4.0469210e-01
   1.5833484e-01
   1.3112011e+00
  -3.2313152e+00
   5.3335006e-02
   3.7732374e+00
  -4.6812147e+00
   6.1535219e-01
   2.5503719e+00
  -2.2091772e+00
  -8.6311743e-01
   3.6255827e+00
  -2.4169523e+00
  -1.1702384e+00
   4.3448137e+00
  -2.5933717e+00
  -2.5277787e+00
   6.3402732e+00
  -4.0380696e+00
  -8.9544933e-01
   3.6029237e+00
  -2.8593520e-02
  -3.5884042e+00
   5.3701414e+00
  -2.8331369e+00
  -2.9686552e+00
   6.4163111e+00
  -4.2579244e+00
  -7.7754448e-01
   3.6622135e+00
  -3.0856349e+00
  -1.4074850e-01
   2.7373296e+00
  -2.1592209e+00
   2.1224312e-01
   1.8402833e+00
  -2.1868704e+00
   3.7185239e-01
   3.2013202e+00
  -3.8088427e+00
   1.0111031e-01
   2.2950910e+00
  -3.0996974e+00
   8.7534723e-01
   2.0620067e+00
  -3.9245485e+00
   1.5689028e+00
   1.8467689e+00
  -2.9446243e+00
   1.2053930e+00
   5.8156356e-01
  -5.0705288e-01
  -3.0154513e-01
   2.0719348e+00
   5.3422590e-01
  -1.8933099e+00
   4.1532703e+00
  -1.3535320e+00
  -2.6934500e+00
   4.7772907e+00
  -3.2435742e+00
  -5.0034207e-01
   3.0688604e+00
  -1.6774839e+00
  -6.5639303e-01
   2.0456852e+00
  -5.7632225e-01
  -1.1405696e+00
   1.5309240e+00
  -2.5255646e-01
  -2.2277156e+00
   2.3757949e+00
   2.2787790e+00
  -4.4354969e+00
   1.9760649e+00
   4.1329915e-01
  -1.3604924e+00
   6.9629834e-01
   7.8536801e-01
  -8.7126294e-01
   5.6569888e-01
