   0.0000000e+00
   0.0000000e+00
   0.0000000e+00
   0.0000000e+00
   0.0000000e+00
   0.0000000e+00
   0.0000000e+00
   0.0000000e+00
   0.0000000e+00
   0.0000000e+00
   0.0000000e+00
   0.0000000e+00
   0.0000000e+00
   0.0000000e+00
   0.0000000e+00
   0.0000000e+00
   0.0000000e+00
   0.0000000e+00
   0.0000000e+00
   0.0000000e+00
   0.0000000e+00
   0.0000000e+00
   0.0000000e+00
   0.0000000e+00
   0.0000000e+00
   0.0000000e+00
   0.0000000e+00
   0.0000000e+00
   0.0000000e+00
   0.0000000e+00
   0.0000000e+00
   0.0000000e+00
   0.0000000e+00
   0.0000000e+00
   0.0000000e+00
   0.0000000e+00
   0.0000000e+00
   0.0000000e+00
   0.0000000e+00
   0.0000000e+00
   0.0000000e+00
   0.0000000e+00
   0.0000000e+00
   0.0000000e+00
   0.0000000e+00
   0.0000000e+00
   0.0000000e+00
   0.0000000e+00
   0.0000000e+00
   0.0000000e+00
   0.0000000e+00
   0.0000000e+00
   0.0000000e+00
   0.0000000e+00
   0.0000000e+00
   0.0000000e+00
   0.0000000e+00
   0.0000000e+00
   0.0000000e+00
   0.0000000e+00
   0.0000000e+00
   0.0000000e+00
   0.0000000e+00
   0.0000000e+00
   0.0000000e+00
   0.0000000e+00
   0.0000000e+00
   0.0000000e+00
   0.0000000e+00
   0.0000000e+00
   0.0000000e+00
   0.0000000e+00
   0.0000000e+00
   0.0000000e+00
   0.0000000e+00
   0.0000000e+00
   0.0000000e+00
   0.0000000e+00
   0.0000000e+00
   0.0000000e+00
   0.0000000e+00
   0.0000000e+00
   0.0000000e+00
   0.0000000e+00
   0.0000000e+00
   0.0000000e+00
   0.0000000e+00
   0.0000000e+00
   0.0000000e+00
   0.0000000e+00
   0.0000000e+00
   0.0000000e+00
   0.0000000e+00
   0.0000000e+00
   0.0000000e+00
   0.0000000e+00
   0.0000000e+00
   0.0000000e+00
   0.0000000e+00
   1.5643447e-01
  -1.1640334e-15
  -1.5643447e-01
  -3.0901699e-01
  -4.5399050e-01
  -5.8778525e-01
  -7.0710678e-01
  -8.0901699e-01
  -8.9100652e-01
  -9.5105652e-01
  -9.8768834e-01
  -1.0000000e+00
  -9.8768834e-01
  -9.5105652e-01
  -8.9100652e-01
  -8.0901699e-01
  -7.0710678e-01
  -5.8778525e-01
  -4.5399050e-01
  -3.0901699e-01
  -1.5643447e-01
  -7.3478808e-16
   1.5643447e-01
   3.0901699e-01
   4.5399050e-01
   5.8778525e-01
   7.0710678e-01
   8.0901699e-01
   8.9100652e-01
   9.5105652e-01
   9.8768834e-01
   1.0000000e+00
   9.8768834e-01
   9.5105652e-01
   8.9100652e-01
   8.0901699e-01
   7.0710678e-01
   5.8778525e-01
   4.5399050e-01
   3.0901699e-01
   1.5643447e-01
  -2.6954609e-15
  -1.5643447e-01
  -3.0901699e-01
  -4.5399050e-01
  -5.8778525e-01
  -7.0710678e-01
  -8.0901699e-01
  -8.9100652e-01
  -9.5105652e-01
  -9.8768834e-01
  -1.0000000e+00
  -9.8768834e-01
  -9.5105652e-01
  -8.9100652e-01
  -8.0901699e-01
  -7.0710678e-01
  -5.8778525e-01
  -4.5399050e-01
  -3.0901699e-01
  -1.5643447e-01
  -9.7971744e-16
   1.5643447e-01
   3.0901699e-01
   4.5399050e-01
   5.8778525e-01
   7.0710678e-01
   8.0901699e-01
   8.9100652e-01
   9.5105652e-01
   9.8768834e-01
   1.0000000e+00
   9.8768834e-01
   9.5105652e-01
   8.9100652e-01
   8.0901699e-01
   7.0710678e-01
   5.8778525e-01
   4.5399050e-01
   3.0901699e-01
   1.5643447e-01
   1.1021821e-15
  -1.5643447e-01
  -3.0901699e-01
  -4.5399050e-01
  -5.8778525e-01
  -7.0710678e-01
  -8.0901699e-01
  -8.9100652e-01
  -9.5105652e-01
  -9.8768834e-01
  -1.0000000e+00
  -9.8768834e-01
  -9.5105652e-01
  -8.9100652e-01
  -8.0901699e-01
  -7.0710678e-01
  -5.8778525e-01
  -4.5399050e-01
  -3.0901699e-01
  -1.5643447e-01
   2.3280669e-15
   1.5643447e-01
   3.0901699e-01
   4.5399050e-01
   5.8778525e-01
   7.0710678e-01
   8.0901699e-01
   8.9100652e-01
   9.5105652e-01
   9.8768834e-01
   1.0000000e+00
   9.8768834e-01
   9.5105652e-01
   8.9100652e-01
   8.0901699e-01
   7.0710678e-01
   5.8778525e-01
   4.5399050e-01
   3.0901699e-01
   1.5643447e-01
  -2.2056022e-15
  -1.5643447e-01
  -3.0901699e-01
  -4.5399050e-01
  -5.8778525e-01
  -7.0710678e-01
  -8.0901699e-01
  -8.9100652e-01
  -9.5105652e-01
  -9.8768834e-01
  -1.0000000e+00
  -9.8768834e-01
  -9.5105652e-01
  -8.9100652e-01
  -8.0901699e-01
  -7.0710678e-01
  -5.8778525e-01
  -4.5399050e-01
  -3.0901699e-01
  -1.5643447e-01
  -1.4695762e-15
   1.5643447e-01
   3.0901699e-01
   4.5399050e-01
   5.8778525e-01
   7.0710678e-01
   8.0901699e-01
   8.9100652e-01
   9.5105652e-01
   9.8768834e-01
   1.0000000e+00
   9.8768834e-01
   9.5105652e-01
   8.9100652e-01
   8.0901699e-01
   7.0710678e-01
   5.8778525e-01
   4.5399050e-01
   3.0901699e-01
   1.5643447e-01
  -1.9606728e-15
  -1.5643447e-01
  -3.0901699e-01
  -4.5399050e-01
  -5.8778525e-01
  -7.0710678e-01
  -8.0901699e-01
  -8.9100652e-01
  -9.5105652e-01
  -9.8768834e-01
  -1.0000000e+00
  -9.8768834e-01
  -9.5105652e-01
  -8.9100652e-01
  -8.0901699e-01
  -7.0710678e-01
  -5.8778525e-01
  -4.5399050e-01
  -3.0901699e-01
  -1.5643447e-01
   5.3909218e-15
   1.5643447e-01
   3.0901699e-01
   4.5399050e-01
   5.8778525e-01
   7.0710678e-01
   8.0901699e-01
   8.9100652e-01
   9.5105652e-01
   9.8768834e-01
   1.0000000e+00
   9.8768834e-01
   9.5105652e-01
   8.9100652e-01
   8.0901699e-01
   7.0710678e-01
   5.8778525e-01
   4.5399050e-01
   3.0901699e-01
   1.5643447e-01
  -1.7157435e-15
  -1.5643447e-01
  -3.0901699e-01
  -4.5399050e-01
  -5.8778525e-01
  -7.0710678e-01
  -8.0901699e-01
  -8.9100652e-01
  -9.5105652e-01
  -9.8768834e-01
  -1.0000000e+00
  -9.8768834e-01
  -9.5105652e-01
  -8.9100652e-01
  -8.0901699e-01
  -7.0710678e-01
  -5.8778525e-01
  -4.5399050e-01
  -3.0901699e-01
  -1.5643447e-01
  -1.9594349e-15
   1.5643447e-01
   3.0901699e-01
   4.5399050e-01
   5.8778525e-01
   7.0710678e-01
   8.0901699e-01
   8.9100652e-01
   9.5105652e-01
   9.8768834e-01
   1.0000000e+00
   9.8768834e-01
   9.5105652e-01
   8.9100652e-01
   8.0901699e-01
   7.0710678e-01
   5.8778525e-01
   4.5399050e-01
   3.0901699e-01
   1.5643447e-01
  -1.4708141e-15
  -1.5643447e-01
  -3.0901699e-01
  -4.5399050e-01
  -5.8778525e-01
  -7.0710678e-01
  -8.0901699e-01
  -8.9100652e-01
  -9.5105652e-01
  -9.8768834e-01
  -1.0000000e+00
  -9.8768834e-01
  -9.5105652e-01
  -8.9100652e-01
  -8.0901699e-01
  -7.0710678e-01
  -5.8778525e-01
  -4.5399050e-01
  -3.0901699e-01
  -1.5643447e-01
  -2.2043642e-15
   1.5643447e-01
   3.0901699e-01
   4.5399050e-01
   5.8778525e-01
   7.0710678e-01
   8.0901699e-01
   8.9100652e-01
   9.5105652e-01
   9.8768834e-01
   1.0000000e+00
   9.8768834e-01
   9.5105652e-01
   8.9100652e-01
   8.0901699e-01
   7.0710678e-01
   5.8778525e-01
   4.5399050e-01
   3.0901699e-01
   1.5643447e-01
  -1.2258848e-15
  -1.5643447e-01
  -3.0901699e-01
  -4.5399050e-01
  -5.8778525e-01
  -7.0710678e-01
  -8.0901699e-01
  -8.9100652e-01
  -9.5105652e-01
  -9.8768834e-01
  -1.0000000e+00
  -9.8768834e-01
  -9.5105652e-01
  -8.9100652e-01
  -8.0901699e-01
  -7.0710678e-01
  -5.8778525e-01
  -4.5399050e-01
  -3.0901699e-01
  -1.5643447e-01
   0.0000000e+00
   0.0000000e+00
   0.0000000e+00
   0.0000000e+00
   0.0000000e+00
   0.0000000e+00
   0.0000000e+00
   0.0000000e+00
   0.0000000e+00
   0.0000000e+00
   0.0000000e+00
   0.0000000e+00
   0.0000000e+00
   0.0000000e+00
   0.0000000e+00
   0.0000000e+00
   0.0000000e+00
   0.0000000e+00
   0.0000000e+00
   0.0000000e+00
   0.0000000e+00
   0.0000000e+00
   0.0000000e+00
   0.0000000e+00
   0.0000000e+00
   0.0000000e+00
   0.0000000e+00
   0.0000000e+00
   0.0000000e+00
   0.0000000e+00
   0.0000000e+00
   0.0000000e+00
   0.0000000e+00
   0.0000000e+00
   0.0000000e+00
   0.0000000e+00
   0.0000000e+00
   0.0000000e+00
   0.0000000e+00
   0.0000000e+00
   0.0000000e+00
   0.0000000e+00
   0.0000000e+00
   0.0000000e+00
   0.0000000e+00
   0.0000000e+00
   0.0000000e+00
   0.0000000e+00
   0.0000000e+00
   0.0000000e+00
   0.0000000e+00
   0.0000000e+00
   0.0000000e+00
   0.0000000e+00
   0.0000000e+00
   0.0000000e+00
   0.0000000e+00
   0.0000000e+00
   0.0000000e+00
   0.0000000e+00
   0.0000000e+00
   0.0000000e+00
   0.0000000e+00
   0.0000000e+00
   0.0000000e+00
   0.0000000e+00
   0.0000000e+00
   0.0000000e+00
   0.0000000e+00
   0.0000000e+00
   0.0000000e+00
   0.0000000e+00
   0.0000000e+00
   0.0000000e+00
   0.0000000e+00
   0.0000000e+00
   0.0000000e+00
   0.0000000e+00
   0.0000000e+00
   0.0000000e+00
   0.0000000e+00
   0.0000000e+00
   0.0000000e+00
   0.0000000e+00
   0.0000000e+00
   0.0000000e+00
   0.0000000e+00
   0.0000000e+00
   0.0000000e+00
   0.0000000e+00
   0.0000000e+00
   0.0000000e+00
   0.0000000e+00
   0.0000000e+00
   0.0000000e+00
   0.0000000e+00
   0.0000000e+00
   0.0000000e+00
   0.0000000e+00
  -1.0000000e+00
  -8.0354161e-14
   1.0000000e+00
   9.1134767e-14
  -1.0000000e+00
  -1.0191537e-13
   1.0000000e+00
   1.1269598e-13
  -1.0000000e+00
  -1.2347658e-13
   1.0000000e+00
   2.0570352e-14
  -1.0000000e+00
  -3.1350958e-14
   1.0000000e+00
   4.2131564e-14
  -1.0000000e+00
  -5.2912169e-14
   1.0000000e+00
   6.3692775e-14
  -1.0000000e+00
  -7.4473381e-14
   1.0000000e+00
   8.5253987e-14
  -1.0000000e+00
  -9.6034592e-14
   1.0000000e+00
  -6.8716396e-15
  -1.0000000e+00
  -3.9089661e-15
   1.0000000e+00
   1.4689572e-14
  -1.0000000e+00
  -2.5470177e-14
   1.0000000e+00
   3.6250783e-14
  -1.0000000e+00
  -4.7031389e-14
   1.0000000e+00
   5.7811995e-14
  -1.0000000e+00
  -6.8592600e-14
   1.0000000e+00
   7.9373206e-14
  -1.0000000e+00
   2.3533026e-14
   1.0000000e+00
  -1.2752420e-14
  -1.0000000e+00
   1.9718145e-15
   1.0000000e+00
   8.8087912e-15
  -1.0000000e+00
  -1.9589397e-14
   1.0000000e+00
   3.0370003e-14
  -1.0000000e+00
  -4.1150608e-14
   1.0000000e+00
   5.1931214e-14
  -1.0000000e+00
  -6.2711820e-14
   1.0000000e+00
  -4.0194412e-14
  -1.0000000e+00
   2.9413806e-14
   1.0000000e+00
  -1.8633201e-14
  -1.0000000e+00
   7.8525950e-15
   1.0000000e+00
   2.9280107e-15
  -1.0000000e+00
  -1.3708616e-14
   1.0000000e+00
   2.4489222e-14
  -1.0000000e+00
  -3.5269828e-14
   1.0000000e+00
   1.5973727e-13
  -1.0000000e+00
  -1.7051788e-13
   1.0000000e+00
   1.8129848e-13
  -1.0000000e+00
  -1.9207909e-13
   1.0000000e+00
   2.0285969e-13
  -1.0000000e+00
  -9.9953462e-14
   1.0000000e+00
   1.1073407e-13
  -1.0000000e+00
  -1.2151467e-13
   1.0000000e+00
   1.3229528e-13
  -1.0000000e+00
  -1.4307588e-13
   1.0000000e+00
   1.5385649e-13
  -1.0000000e+00
  -1.6463710e-13
   1.0000000e+00
   1.7541770e-13
  -1.0000000e+00
  -7.2511470e-14
   1.0000000e+00
   8.3292076e-14
  -1.0000000e+00
  -9.4072682e-14
   1.0000000e+00
   1.0485329e-13
  -1.0000000e+00
  -1.1563389e-13
   1.0000000e+00
   1.2641450e-13
  -1.0000000e+00
  -1.3719510e-13
   1.0000000e+00
   1.4797571e-13
  -1.0000000e+00
  -1.5875632e-13
   1.0000000e+00
   5.5850084e-14
  -1.0000000e+00
  -6.6630690e-14
   1.0000000e+00
   7.7411295e-14
  -1.0000000e+00
  -8.8191901e-14
   1.0000000e+00
   9.8972507e-14
  -1.0000000e+00
  -1.0975311e-13
   1.0000000e+00
   1.2053372e-13
  -1.0000000e+00
  -1.3131432e-13
   1.0000000e+00
   2.8408092e-14
  -1.0000000e+00
  -3.9188698e-14
   1.0000000e+00
   4.9969303e-14
  -1.0000000e+00
  -6.0749909e-14
   1.0000000e+00
   7.1530515e-14
  -1.0000000e+00
  -8.2311120e-14
   1.0000000e+00
   9.3091726e-14
  -1.0000000e+00
  -1.0387233e-13
   1.0000000e+00
   9.6609987e-16
  -1.0000000e+00
  -1.2543354e-13
   1.0000000e+00
   2.2527311e-14
  -1.0000000e+00
  -1.4699475e-13
   1.0000000e+00
   4.4088523e-14
  -1.0000000e+00
   5.8817709e-14
   1.0000000e+00
   6.5649734e-14
  -1.0000000e+00
   3.7256498e-14
   1.0000000e+00
   8.7210946e-14
  -1.0000000e+00
   1.5695286e-14
   1.0000000e+00
   1.0877216e-13
  -1.0000000e+00
  -5.8659250e-15
   1.0000000e+00
   1.3033337e-13
  -1.0000000e+00
  -2.7427136e-14
   1.0000000e+00
  -7.5479096e-14
  -1.0000000e+00
  -4.8988348e-14
   1.0000000e+00
  -5.3917884e-14
  -1.0000000e+00
  -7.0549559e-14
   1.0000000e+00
  -3.2356673e-14
  -1.0000000e+00
  -9.2110771e-14
   1.0000000e+00
  -1.0795461e-14
  -1.0000000e+00
  -1.1367198e-13
   1.0000000e+00
   1.0765750e-14
  -1.0000000e+00
   9.2140482e-14
   1.0000000e+00
   3.2326962e-14
  -1.0000000e+00
  -1.5679441e-13
   1.0000000e+00
   2.8126185e-13
  -1.0000000e+00
  -1.7835562e-13
   1.0000000e+00
   7.5449384e-14
  -1.0000000e+00
  -1.9991683e-13
   1.0000000e+00
   9.7010596e-14
  -1.0000000e+00
  -2.2147804e-13
   1.0000000e+00
   1.1857181e-13
  -1.0000000e+00
  -2.4303925e-13
   1.0000000e+00
   1.4013302e-13
  -1.0000000e+00
  -2.6460046e-13
   1.0000000e+00
   1.6169423e-13
  -1.0000000e+00
  -5.8787998e-14
   1.0000000e+00
   1.8325544e-13
  -1.0000000e+00
  -8.0349210e-14
   1.0000000e+00
   2.0481665e-13
  -1.0000000e+00
  -1.0191042e-13
   1.0000000e+00
   2.2637786e-13
  -1.0000000e+00
  -1.2347163e-13
   1.0000000e+00
   2.0565400e-14
  -1.0000000e+00
  -1.4503284e-13
   1.0000000e+00
   4.2126612e-14
  -1.0000000e+00
  -1.6659406e-13
   1.0000000e+00
   6.3687823e-14
  -1.0000000e+00
  -1.8815527e-13
   1.0000000e+00
   8.5249035e-14
  -1.0000000e+00
  -2.0971648e-13
   1.0000000e+00
   1.0681025e-13
  -1.0000000e+00
  -3.9040142e-15
   1.0000000e+00
   1.2837146e-13
  -1.0000000e+00
  -2.5465226e-14
   1.0000000e+00
   1.4993267e-13
  -1.0000000e+00
  -4.7026437e-14
   1.0000000e+00
   1.7149388e-13
  -1.0000000e+00
  -6.8587649e-14
   1.0000000e+00
   1.9305509e-13
  -1.0000000e+00
  -9.0148860e-14
   1.0000000e+00
  -1.2757372e-14
  -1.0000000e+00
  -1.1171007e-13
   1.0000000e+00
   8.8038394e-15
  -1.0000000e+00
  -1.3327128e-13
   1.0000000e+00
   3.0365051e-14
  -1.0000000e+00
  -1.5483249e-13
   1.0000000e+00
   5.1926262e-14
  -1.0000000e+00
  -1.7639371e-13
   1.0000000e+00
   7.3487474e-14
  -1.0000000e+00
   2.9418758e-14
   1.0000000e+00
   9.5048685e-14
  -1.0000000e+00
   7.8575469e-15
   1.0000000e+00
   1.1660990e-13
  -1.0000000e+00
  -1.3703665e-14
   1.0000000e+00
   1.3817111e-13
  -1.0000000e+00
  -3.5264876e-14
   1.0000000e+00
   1.5973232e-13
  -1.0000000e+00
  -5.6826087e-14
   1.0000000e+00
  -4.6080145e-14
  -1.0000000e+00
  -7.8387299e-14
   1.0000000e+00
  -2.4518933e-14
  -1.0000000e+00
  -9.9948510e-14
   1.0000000e+00
  -2.9577217e-15
  -1.0000000e+00
  -1.2150972e-13
   1.0000000e+00
   1.8603490e-14
  -1.0000000e+00
   8.4302742e-14
   1.0000000e+00
   4.0164701e-14
  -1.0000000e+00
   6.2741531e-14
   1.0000000e+00
   2.8909959e-13
  -1.0000000e+00
  -1.8619336e-13
   1.0000000e+00
   8.3287124e-14
  -1.0000000e+00
  -2.0775457e-13
   1.0000000e+00
   1.0484834e-13
  -1.0000000e+00
  -2.2931578e-13
   1.0000000e+00
   1.2640955e-13
  -1.0000000e+00
  -2.5087699e-13
   1.0000000e+00
   1.4797076e-13
  -1.0000000e+00
  -2.7243820e-13
   1.0000000e+00
   1.6953197e-13
  -1.0000000e+00
  -6.6625738e-14
   1.0000000e+00
   1.9109318e-13
  -1.0000000e+00
  -8.8186949e-14
   1.0000000e+00
   2.1265439e-13
  -1.0000000e+00
  -1.0974816e-13
   1.0000000e+00
   2.3421560e-13
  -1.0000000e+00
  -1.3130937e-13
   1.0000000e+00
   2.5577682e-13
  -1.0000000e+00
  -1.5287058e-13
   1.0000000e+00
   4.9964351e-14
  -1.0000000e+00
  -1.7443179e-13
   1.0000000e+00
   7.1525563e-14
  -1.0000000e+00
  -1.9599301e-13
   1.0000000e+00
   9.3086774e-14
  -1.0000000e+00
  -2.1755422e-13
   1.0000000e+00
   1.1464799e-13
  -1.0000000e+00
  -1.1741754e-14
   1.0000000e+00
   1.3620920e-13
  -1.0000000e+00
  -3.3302965e-14
   1.0000000e+00
   1.5777041e-13
  -1.0000000e+00
  -5.4864177e-14
   1.0000000e+00
   1.7933162e-13
  -1.0000000e+00
   0.0000000e+00
   0.0000000e+00
   0.0000000e+00
   0.0000000e+00
   0.0000000e+00
   0.0000000e+00
   0.0000000e+00
   0.0000000e+00
   0.0000000e+00
   0.0000000e+00
   0.0000000e+00
   0.0000000e+00
   0.0000000e+00
   0.0000000e+00
   0.0000000e+00
   0.0000000e+00
   0.0000000e+00
   0.0000000e+00
   0.0000000e+00
   0.0000000e+00
   0.0000000e+00
   0.0000000e+00
   0.0000000e+00
   0.0000000e+00
   0.0000000e+00
   0.0000000e+00
   0.0000000e+00
   0.0000000e+00
   0.0000000e+00
   0.0000000e+00
   0.0000000e+00
   0.0000000e+00
   0.0000000e+00
   0.0000000e+00
   0.0000000e+00
   0.0000000e+00
   0.0000000e+00
   0.0000000e+00
   0.0000000e+00
   0.0000000e+00
   0.0000000e+00
   0.0000000e+00
   0.0000000e+00
   0.0000000e+00
   0.0000000e+00
   0.0000000e+00
   0.0000000e+00
   0.0000000e+00
   0.0000000e+00
   0.0000000e+00
   0.0000000e+00
   0.0000000e+00
   0.0000000e+00
   0.0000000e+00
   0.0000000e+00
   0.0000000e+00
   0.0000000e+00
   0.0000000e+00
   0.0000000e+00
   0.0000000e+00
   0.0000000e+00
   0.0000000e+00
   0.0000000e+00
   0.0000000e+00
   0.0000000e+00
   0.0000000e+00
   0.0000000e+00
   0.0000000e+00
   0.0000000e+00
   0.0000000e+00
   0.0000000e+00
   0.0000000e+00
   0.0000000e+00
   0.0000000e+00
   0.0000000e+00
   0.0000000e+00
   0.0000000e+00
   0.0000000e+00
   0.0000000e+00
   0.0000000e+00
   0.0000000e+00
   0.0000000e+00
   0.0000000e+00
   0.0000000e+00
   0.0000000e+00
   0.0000000e+00
   0.0000000e+00
   0.0000000e+00
   0.0000000e+00
   0.0000000e+00
   0.0000000e+00
   0.0000000e+00
   0.0000000e+00
   0.0000000e+00
   0.0000000e+00
   0.0000000e+00
   0.0000000e+00
   0.0000000e+00
   0.0000000e+00
   0.0000000e+00
